# Radial Distribution Function
# Columns: r(Å) g_OO(r) g_OH(r) g_HH(r)
0.020000  0.000000  0.000000  0.000000
0.060000  0.000000  0.000000  0.000000
0.100000  0.000000  0.000000  0.000000
0.140000  0.000000  2.019829  6.297592
0.180000  0.000000  3.586502  2.135178
0.220000  0.000000  3.371826  1.245478
0.260000  0.000000  2.093946  0.437374
0.300000  0.000000  6.503171  0.299811
0.340000  0.000000  5.959831  0.230934
0.380000  0.000000  2.909248  0.180899
0.420000  0.000000  2.123162  1.020308
0.460000  0.000000  1.664983  0.543990
0.500000  0.000000  1.650761  0.381206
0.540000  0.000000  2.391978  0.969641
0.580000  0.000000  2.528073  0.634008
0.620000  0.000000  2.691770  0.475684
0.660000  0.000000  3.496054  0.384187
0.700000  0.000000  6.180386  0.408318
0.740000  0.000000  6.122176  0.422507
0.780000  0.000000  10.830661  0.564764
0.820000  0.000000  8.453245  0.789780
0.860000  0.000000  8.845836  0.933427
0.900000  0.000000  9.300994  0.841668
0.940000  0.000000  11.939410  0.992146
0.980000  0.000000  11.209740  1.463958
1.020000  0.000000  12.123606  1.200193
1.060000  0.000000  8.950895  1.119752
1.100000  0.000000  7.099782  1.216535
1.140000  0.000000  5.833617  1.143706
1.180000  0.000000  4.474248  1.235087
1.220000  0.000000  3.914900  1.107981
1.260000  0.000000  3.446751  1.490231
1.300000  0.000000  3.485473  1.535309
1.340000  0.000000  3.099986  1.878570
1.380000  0.000000  3.064210  1.922580
1.420000  0.000000  2.486371  1.930390
1.460000  0.000000  3.003229  2.374826
1.500000  0.000000  2.631775  2.140012
1.540000  0.000000  2.493112  3.070727
1.580000  0.000000  2.336760  2.543968
1.620000  0.000000  2.286927  2.505206
1.660000  0.000000  2.234267  2.634792
1.700000  0.000000  1.781888  2.293345
1.740000  0.000000  2.132598  2.268000
1.780000  0.000000  2.162057  1.769756
1.820000  0.000000  2.740969  1.602433
1.860000  0.000000  2.894782  1.692896
1.900000  0.000000  2.396273  1.782909
1.940000  0.000000  1.856156  1.577968
1.980000  0.000000  1.439018  2.153117
2.020000  0.000000  1.482056  2.023244
2.060000  0.005182  1.275258  2.109944
2.100000  0.102873  1.879684  2.474319
2.140000  0.098558  1.134117  2.368018
2.180000  0.214788  0.993996  2.096060
2.220000  0.304806  0.928853  1.964185
2.260000  0.291620  0.953253  2.027400
2.300000  0.310881  1.046692  2.001666
2.340000  0.648876  0.971942  1.895391
2.380000  0.908795  1.002096  1.878281
2.420000  1.118710  1.086933  1.986638
2.460000  1.344246  1.362728  2.047546
2.500000  1.409344  1.321065  2.276950
2.540000  2.206085  1.226324  2.135857
2.580000  3.795158  1.248238  2.068417
2.620000  4.374615  1.247425  1.924992
2.660000  4.438517  1.122320  2.012325
2.700000  5.827901  1.383890  1.720979
2.740000  4.384287  1.433309  1.747033
2.780000  4.538761  1.404999  1.943228
2.820000  4.747529  1.593204  1.880550
2.860000  4.945754  2.078556  1.785325
2.900000  4.324349  1.954050  1.689653
2.940000  2.732773  1.903745  1.665410
2.980000  2.246386  2.113756  1.674918
3.020000  2.523923  2.101384  1.598331
3.060000  1.919976  2.314533  1.499367
3.100000  1.718645  2.665837  1.813841
3.140000  1.490967  2.503083  1.931369
3.180000  1.686363  2.632280  1.754270
3.220000  1.541143  2.623874  2.137671
3.260000  1.525444  2.525496  1.924419
3.300000  1.469239  2.703424  1.889805
3.340000  1.268684  2.463127  1.814602
3.380000  1.053449  2.242180  1.749897
3.420000  1.548423  2.341838  1.738212
3.460000  1.395951  2.523649  1.911129
3.500000  2.852877  2.546786  1.968785
3.540000  2.284524  2.205215  1.872891
3.580000  2.458245  2.246923  1.717091
3.620000  1.753068  2.316535  2.024468
3.660000  1.555126  2.219593  1.905672
3.700000  1.883422  2.243719  1.880250
3.740000  2.187877  2.189568  2.040909
3.780000  2.139954  2.022042  2.127102
3.820000  2.932967  2.147828  2.175421
3.860000  2.443031  2.140819  2.051405
3.900000  2.093381  1.957458  2.015731
3.940000  2.980539  2.096449  1.920276
3.980000  2.564973  1.877867  1.968366
4.020000  1.506132  1.841018  2.060727
4.060000  1.190914  1.921290  2.166255
4.100000  1.283935  1.852962  2.092943
4.140000  1.539670  1.870736  1.979506
4.180000  1.990100  1.883012  1.882428
4.220000  2.053348  1.789989  1.961453
4.260000  2.092580  1.771222  2.022022
4.300000  2.115482  1.809001  2.117330
4.340000  2.231259  1.805824  1.993900
4.380000  1.570959  1.863715  1.959787
4.420000  2.320230  1.966370  1.842415
4.460000  2.550390  1.660731  1.817452
4.500000  2.039178  1.456992  1.875725
4.540000  2.200150  1.441380  1.889737
4.580000  2.420592  1.719502  1.950831
4.620000  2.294490  1.516523  1.853074
4.660000  1.848151  1.637192  1.735978
4.700000  1.034572  1.610088  1.601428
4.740000  1.787117  1.560388  1.612255
4.780000  1.502602  1.642730  1.385527
4.820000  1.235266  1.706455  1.356547
4.860000  1.546932  1.573550  1.460762
4.900000  1.217577  1.612483  1.527191
4.940000  1.161470  1.497228  1.486762
4.980000  2.236728  1.532738  1.495418
5.020000  2.711220  1.494847  1.447043
5.060000  2.158062  1.419769  1.610578
5.100000  1.575448  1.321866  1.531888
5.140000  1.302120  1.325014  1.545590
5.180000  1.461558  1.295214  1.478506
5.220000  1.213840  1.220597  1.500348
5.260000  1.038002  1.305239  1.558147
5.300000  1.043282  1.334736  1.489385
5.340000  0.788701  1.496424  1.546762
5.380000  0.683494  1.380914  1.503011
5.420000  0.758302  1.480682  1.544775
5.460000  0.966767  1.483056  1.508551
5.500000  0.973607  1.603751  1.522055
5.540000  0.956959  1.565958  1.378175
5.580000  1.314017  1.659985  1.376649
5.620000  1.070798  1.588188  1.381789
5.660000  1.180388  1.524719  1.255859
5.700000  1.594073  1.525467  1.268847
5.740000  1.478287  1.456278  1.214937
5.780000  1.384595  1.444137  1.286508
5.820000  1.201694  1.433764  1.317766
5.860000  1.235191  1.418495  1.282609
5.900000  1.023839  1.316886  1.276062
5.940000  1.139527  1.228951  1.353323
5.980000  1.267606  1.220824  1.210401
6.020000  1.050107  1.152078  1.198465
6.060000  1.430221  1.171502  1.224866
6.100000  1.381947  1.188963  1.263095
6.140000  1.311137  1.240298  1.269915
6.180000  1.575002  1.242207  1.196084
6.220000  1.719995  1.228299  1.171357
6.260000  1.523013  1.185012  1.226742
6.300000  1.315338  1.138840  1.228325
6.340000  1.342010  1.146721  1.260272
6.380000  1.535920  1.316689  1.237812
6.420000  1.691914  1.313988  1.218835
6.460000  1.427590  1.219785  1.290740
6.500000  1.290342  1.171356  1.198598
6.540000  1.510906  1.123757  1.176021
6.580000  1.283321  1.191777  1.176830
6.620000  0.935247  1.155381  1.167197
6.660000  1.201926  1.219862  1.113858
6.700000  1.414081  1.178693  1.151090
6.740000  1.288691  1.089045  1.212138
6.780000  1.121413  1.104077  1.095916
6.820000  0.919641  1.191439  1.098065
6.860000  0.970971  1.172272  1.188432
6.900000  1.038335  1.252149  1.171569
6.940000  1.409327  1.141019  1.235779
6.980000  1.173183  1.152906  1.135335
7.020000  1.073429  1.140117  1.161804
7.060000  1.061532  1.161130  1.095716
7.100000  1.129522  1.148620  1.201358
7.140000  1.444692  1.139435  1.147590
7.180000  1.356129  1.053589  1.243252
7.220000  1.257666  1.093639  1.096138
7.260000  1.212864  1.012633  1.150122
7.300000  0.997419  1.046327  1.054388
7.340000  1.323235  1.104793  1.081391
7.380000  1.454593  1.052662  1.061757
7.420000  1.106846  1.045125  1.052020
7.460000  0.959668  1.117274  1.026480
7.500000  0.896685  1.050923  1.036356
7.540000  1.035904  1.046805  1.034114
7.580000  0.921708  1.005678  1.041709
7.620000  1.270629  0.994696  1.037930
7.660000  0.957626  1.089506  1.112649
7.700000  0.822893  1.062354  1.097207
7.740000  0.840799  1.008125  1.070064
7.780000  0.908236  1.005398  0.991675
7.820000  0.892913  1.050926  1.085924
7.860000  0.820998  1.002772  1.036850
7.900000  1.053015  0.999844  1.042972
7.940000  0.998778  0.985431  1.034388
7.980000  1.141034  1.016576  1.048986
