# Radial Distribution Function
# Columns: r(Å) g_OO(r) g_OH(r) g_HH(r)
0.020000  0.000000  0.000000  0.000000
0.060000  0.000000  0.000000  0.000000
0.100000  0.000000  0.000000  0.000000
0.140000  0.000000  0.000000  0.000000
0.180000  0.000000  0.000000  0.000000
0.220000  0.000000  0.000000  0.000000
0.260000  0.000000  0.000000  0.000000
0.300000  0.000000  0.000000  0.000000
0.340000  0.000000  0.000000  0.000000
0.380000  0.000000  0.000000  0.000000
0.420000  0.000000  0.000000  0.000000
0.460000  0.000000  0.000000  0.000000
0.500000  0.000000  0.000000  0.000000
0.540000  0.000000  0.000000  0.000000
0.580000  0.000000  0.000000  0.000000
0.620000  0.000000  0.000000  0.000000
0.660000  0.000000  0.000000  0.000000
0.700000  0.000000  0.000000  0.000000
0.740000  0.000000  0.000000  0.000000
0.780000  0.000000  0.000000  0.000000
0.820000  0.000000  0.000000  0.000000
0.860000  0.000000  1.983825  0.000000
0.900000  0.000000  6.109046  0.000000
0.940000  0.000000  18.070380  0.000000
0.980000  0.000000  53.680414  0.000000
1.020000  0.000000  53.977090  0.000000
1.060000  0.000000  29.163658  0.000000
1.100000  0.000000  4.850369  0.000000
1.140000  0.000000  1.128991  0.000000
1.180000  0.000000  0.000000  0.000000
1.220000  0.000000  0.000000  0.000000
1.260000  0.000000  0.000000  0.000000
1.300000  0.000000  0.000000  0.000000
1.340000  0.000000  0.000000  0.000000
1.380000  0.000000  0.000000  0.000000
1.420000  0.000000  0.000000  0.000000
1.460000  0.000000  0.688326  1.387493
1.500000  0.000000  2.186470  3.698585
1.540000  0.000000  1.637655  6.883403
1.580000  0.000000  1.175482  5.389396
1.620000  0.000000  4.472601  7.048990
1.660000  0.000000  2.912849  2.041370
1.700000  0.000000  4.350244  2.658792
1.740000  0.000000  4.114522  1.819665
1.780000  0.000000  3.904437  0.000000
1.820000  0.000000  1.815238  0.446441
1.860000  0.000000  2.819057  0.854891
1.900000  0.000000  2.040153  2.048185
1.940000  0.000000  2.935336  0.423736
1.980000  0.000000  1.027372  2.425938
2.020000  0.000000  1.388972  0.639552
2.060000  0.000000  0.738962  2.370999
2.100000  0.000000  0.724126  2.255235
2.140000  0.000000  1.225003  2.754216
2.180000  0.000000  0.308736  5.393560
2.220000  0.000000  0.000000  4.112515
2.260000  0.000000  0.692817  3.803594
2.300000  0.000000  0.717874  3.573783
2.340000  0.000000  0.267959  4.066921
2.380000  0.000000  0.000000  4.054222
2.420000  0.000000  0.501071  1.866581
2.460000  0.985211  0.637037  2.319057
2.500000  0.953937  0.087459  2.871752
2.540000  3.696512  0.227422  1.626962
2.580000  3.582780  0.834157  1.398305
2.620000  4.342772  0.716677  2.492216
2.660000  7.699315  0.833529  1.249893
2.700000  7.248370  0.481462  1.543265
2.740000  5.558998  0.479004  1.591228
2.780000  6.171632  0.967863  1.905945
2.820000  4.748252  1.826935  1.396487
2.860000  5.516767  1.107920  1.471134
2.900000  5.740946  1.645429  1.251546
2.940000  1.379542  2.426403  1.429062
2.980000  2.685512  3.006391  1.586865
3.020000  1.961133  3.173322  1.996558
3.060000  0.000000  3.355133  1.514266
3.100000  3.722438  3.263120  1.605183
3.140000  1.209401  4.102570  1.449853
3.180000  1.294772  2.477958  1.172750
3.220000  1.612329  4.608800  2.326740
3.260000  2.519009  3.668040  2.447335
3.300000  0.279110  2.002494  1.893119
3.340000  1.603349  3.409326  2.230132
3.380000  2.271690  3.321555  1.576139
3.420000  0.839569  3.347618  1.720456
3.460000  2.490104  1.672581  1.923112
3.500000  1.946810  3.264440  2.570573
3.540000  0.951531  2.050099  2.563714
3.580000  0.930387  2.190856  2.187745
3.620000  2.729818  1.600444  2.907465
3.660000  0.445079  3.270904  2.727374
3.700000  1.426075  2.385187  1.834217
3.740000  2.014203  1.645420  1.774462
3.780000  2.405432  2.532952  1.599112
3.820000  0.504712  2.095736  3.004425
3.860000  1.867376  2.297748  3.031999
3.900000  4.012091  2.636717  1.852991
3.940000  3.253275  1.918129  2.880237
3.980000  2.870866  2.190338  1.706028
4.020000  0.737866  2.150527  2.226670
4.060000  2.893594  1.783729  2.226988
4.100000  1.147481  1.714865  2.228595
4.140000  3.048852  1.824563  2.177279
4.180000  2.729839  1.788164  1.538379
4.220000  3.347917  1.400632  1.462136
4.260000  2.679807  1.227020  2.510113
4.300000  2.206571  1.759769  1.935149
4.340000  0.949602  1.744282  2.075137
4.380000  3.418567  1.355658  2.357831
4.420000  1.525897  1.768595  2.263401
4.460000  0.599460  0.781005  2.448927
4.500000  1.766550  1.873914  2.447109
4.540000  2.603337  1.162688  1.261877
4.580000  2.273833  1.910514  1.441749
4.620000  2.513959  1.753571  1.522853
4.660000  1.921878  2.135616  2.104363
4.700000  1.079603  1.118736  1.842925
4.740000  2.653646  2.438037  1.223455
4.780000  1.565651  1.484527  1.989878
4.820000  2.566289  1.696510  1.758544
4.860000  1.262110  1.635812  1.490330
4.900000  0.744953  2.500692  1.794580
4.940000  1.968871  1.478338  1.056292
4.980000  0.320538  1.740053  2.029679
5.020000  1.326747  1.375655  1.475084
5.060000  1.397172  1.958513  1.313691
5.100000  2.040539  2.133644  0.813802
5.140000  1.150473  1.017070  1.441036
5.180000  1.110990  1.458174  0.848294
5.220000  1.265641  1.473922  1.689841
5.260000  1.554912  1.272741  1.891655
5.300000  2.547001  1.763646  1.580373
5.340000  1.266792  1.404387  1.521197
5.380000  1.635761  1.331896  1.801198
5.420000  0.811822  1.792184  1.618757
5.460000  1.399949  1.337544  1.873300
5.500000  1.576755  1.178354  1.127245
5.540000  2.136844  1.436049  1.597572
5.580000  1.148901  1.937582  1.616656
5.620000  0.566302  1.476524  1.400936
5.660000  1.116652  1.118962  1.311511
5.700000  0.917529  1.272439  1.418112
5.740000  1.990529  1.151731  1.243525
5.780000  0.713845  1.358881  1.815692
5.820000  2.478038  1.680853  1.412454
5.860000  1.028114  1.483725  1.456566
5.900000  0.685103  1.150443  1.230305
5.940000  1.073499  1.806054  0.912192
5.980000  0.608051  1.387768  1.614378
6.020000  1.658057  1.460679  1.552190
6.060000  1.839975  1.299664  1.311477
6.100000  1.592860  1.278036  1.320828
6.140000  1.367512  1.437719  1.099855
6.180000  1.248857  1.393557  1.021891
6.220000  2.311586  1.307278  1.038019
6.260000  1.369284  1.449201  1.463571
6.300000  1.051518  1.636714  1.774527
6.340000  1.186618  1.503041  1.604326
6.380000  0.732366  1.359152  1.216698
6.420000  1.412501  1.292011  1.130530
6.460000  1.675196  0.964457  1.233997
6.500000  2.064151  1.293089  1.218170
6.540000  2.492693  1.257140  1.425673
6.580000  1.790157  1.210672  1.190738
6.620000  1.704568  1.394340  1.600502
6.660000  0.869751  0.991720  0.922390
6.700000  1.299512  0.882499  1.379710
6.740000  1.459126  1.366664  1.226789
6.780000  1.101179  1.127157  1.403482
6.820000  1.530657  1.052739  1.186332
6.860000  1.224696  1.145648  1.333353
6.900000  0.375684  1.074998  1.125486
6.940000  1.609252  1.168966  1.116162
6.980000  1.106164  1.502229  1.282545
7.020000  0.842139  1.223621  1.106165
7.060000  1.156290  1.096088  1.510190
7.100000  1.426224  1.338879  1.103811
7.140000  0.910382  1.136562  1.337188
7.180000  1.351533  1.339345  1.279584
7.220000  0.778188  1.232379  1.086336
7.260000  1.244283  1.532143  0.930815
7.300000  0.783163  1.178523  0.837393
7.340000  1.659964  0.715020  1.126454
7.380000  1.204147  0.983023  1.139298
7.420000  0.991605  1.397803  1.195513
7.460000  1.109138  1.125410  1.090505
7.500000  1.157610  0.968184  0.927868
7.540000  0.688861  1.076353  1.127161
7.580000  1.245210  0.907798  1.064325
7.620000  1.642894  1.102428  1.236951
7.660000  1.219336  1.215483  0.940905
7.700000  0.804467  1.323225  1.015760
7.740000  0.530782  0.880259  1.113223
7.780000  0.942519  0.995760  1.157854
7.820000  0.749380  0.900918  1.086295
7.860000  0.849632  1.104120  1.233436
7.900000  1.166980  0.846347  1.168012
7.940000  0.793656  1.272277  0.818682
7.980000  1.004179  1.179138  1.040439
