# Radial Distribution Function
# Columns: r(Å) g_OO(r) g_OH(r) g_HH(r)
0.020000  0.000000  0.000000  0.000000
0.060000  0.000000  0.000000  0.000000
0.100000  0.000000  0.000000  0.000000
0.140000  0.000000  0.000000  0.000000
0.180000  0.000000  0.000000  0.000000
0.220000  0.000000  0.000000  0.000000
0.260000  0.000000  0.000000  0.000000
0.300000  0.000000  0.000000  0.000000
0.340000  0.000000  0.000000  0.000000
0.380000  0.000000  0.000000  0.000000
0.420000  0.000000  0.000000  0.000000
0.460000  0.000000  0.000000  0.000000
0.500000  0.000000  0.000000  0.000000
0.540000  0.000000  0.000000  0.000000
0.580000  0.000000  0.000000  0.000000
0.620000  0.000000  0.000000  0.000000
0.660000  0.000000  0.000000  0.000000
0.700000  0.000000  0.000000  0.000000
0.740000  0.000000  0.000000  0.000000
0.780000  0.000000  0.091459  0.000000
0.820000  0.000000  2.639413  0.000000
0.860000  0.000000  5.294159  0.000000
0.900000  0.000000  11.432450  0.000000
0.940000  0.000000  28.530475  0.000000
0.980000  0.000000  42.685099  0.000000
1.020000  0.000000  36.207987  0.000000
1.060000  0.000000  23.721374  0.000000
1.100000  0.000000  13.924239  0.000000
1.140000  0.000000  3.871470  0.000000
1.180000  0.000000  0.933859  0.000000
1.220000  0.000000  0.360076  0.000000
1.260000  0.000000  0.274858  0.000000
1.300000  0.000000  0.175024  0.024452
1.340000  0.000000  0.120694  0.213699
1.380000  0.000000  0.000000  0.748614
1.420000  0.000000  0.000000  1.140327
1.460000  0.000000  0.112660  2.234943
1.500000  0.000000  1.595770  4.204499
1.540000  0.000000  3.055067  6.758139
1.580000  0.000000  2.401409  3.471447
1.620000  0.000000  3.892323  3.532699
1.660000  0.000000  2.981118  3.413773
1.700000  0.000000  3.288360  1.703597
1.740000  0.000000  3.390408  1.945946
1.780000  0.000000  2.865393  1.157045
1.820000  0.000000  3.258930  0.941000
1.860000  0.000000  2.597966  0.795168
1.900000  0.000000  2.476749  1.858493
1.940000  0.000000  1.879992  1.199932
1.980000  0.000000  1.196726  1.634550
2.020000  0.000000  1.444786  1.504629
2.060000  0.000000  1.234634  2.451152
2.100000  0.000000  0.882569  2.287716
2.140000  0.000000  1.175386  3.774351
2.180000  0.000000  0.417810  3.522211
2.220000  0.000000  0.477763  4.237300
2.260000  0.000000  0.475335  3.966120
2.300000  0.000000  0.272932  4.015730
2.340000  0.000000  0.507571  3.031134
2.380000  0.000000  0.243000  3.534049
2.420000  0.000000  0.385055  3.056308
2.460000  0.985211  0.620896  2.233414
2.500000  1.909778  0.096059  2.034531
2.540000  1.754183  0.115754  2.224417
2.580000  3.085768  0.409612  2.141788
2.620000  7.452925  0.891247  1.980569
2.660000  5.572115  0.875820  1.198926
2.700000  6.805597  0.703430  1.273391
2.740000  5.544732  0.505162  1.709060
2.780000  7.090909  1.295224  1.669780
2.820000  4.624046  1.378796  1.537007
2.860000  6.037789  1.503048  1.711551
2.900000  5.327591  1.666630  1.869278
2.940000  2.191847  2.245015  1.486492
2.980000  1.583970  3.803402  1.395003
3.020000  2.263849  3.062710  1.612994
3.060000  0.000000  3.326892  1.219620
3.100000  2.710718  2.952691  1.346222
3.140000  1.927558  3.264975  1.683661
3.180000  1.941742  2.964991  1.462061
3.220000  1.207441  3.549906  1.913050
3.260000  1.744593  3.832311  2.359097
3.300000  1.871938  2.950130  2.681445
3.340000  1.527608  3.317782  2.033385
3.380000  1.968749  3.100523  1.494389
3.420000  0.982849  3.080751  1.447271
3.460000  1.973196  2.222711  2.468524
3.500000  1.225985  2.728514  2.615065
3.540000  1.866027  2.565308  2.072269
3.580000  0.606330  2.416673  2.459193
3.620000  2.660801  2.174717  2.899330
3.660000  0.378451  2.217734  2.706298
3.700000  1.216119  2.716618  2.220549
3.740000  2.189064  1.878698  1.974734
3.780000  2.765968  2.188407  2.113505
3.820000  0.622243  2.224098  1.911700
3.860000  1.404126  2.157996  2.669853
3.900000  3.595942  2.398346  2.261205
3.940000  3.251922  1.822226  2.338357
3.980000  3.292063  2.336918  2.119228
4.020000  1.779126  1.999782  2.272698
4.060000  2.082839  1.948313  2.565141
4.100000  1.367025  2.147071  2.290754
4.140000  2.819643  1.811718  1.756926
4.180000  2.541175  1.750224  1.653185
4.220000  3.379993  1.470031  2.171111
4.260000  3.225011  1.289568  2.039610
4.300000  1.603241  1.639011  1.775156
4.340000  1.863822  1.266720  2.549785
4.380000  2.092329  1.455271  2.197710
4.420000  2.387221  1.410762  2.348027
4.460000  0.379299  1.531916  2.212763
4.500000  1.684275  1.846113  1.747101
4.540000  2.109690  1.205314  1.736642
4.580000  2.914342  1.621905  1.708833
4.620000  2.502808  2.002546  1.605663
4.660000  1.792547  1.683891  1.381670
4.700000  1.110848  1.457679  1.784769
4.740000  2.783415  2.176037  1.538399
4.780000  1.910449  1.733837  1.522706
4.820000  1.920363  1.526177  1.759388
4.860000  1.065614  1.864452  1.538347
4.900000  1.148902  1.859994  1.995486
4.940000  1.971568  1.873918  1.500174
4.980000  0.369962  2.047282  1.654935
5.020000  1.319413  1.493106  1.532036
5.060000  1.432961  1.615316  1.270310
5.100000  2.038763  1.719338  1.115078
5.140000  1.345010  1.533168  1.179459
5.180000  0.731790  1.591440  1.227757
5.220000  1.315891  1.239764  1.563018
5.260000  1.976835  1.408440  1.686133
5.300000  2.111486  1.466810  1.525015
5.340000  1.651374  1.691403  1.516539
5.380000  1.404479  1.107525  1.485302
5.420000  0.843015  1.687401  2.041609
5.460000  1.282189  1.531719  1.585661
5.500000  1.804141  1.075020  1.580830
5.540000  1.713042  1.522152  1.681666
5.580000  1.108769  1.623717  1.448233
5.620000  0.815355  1.658174  1.324892
5.660000  1.058702  1.359562  1.446280
5.700000  1.370250  1.145396  1.453217
5.740000  1.583827  1.383350  1.349807
5.780000  1.256709  1.321929  1.322177
5.820000  1.870133  1.364170  1.310340
5.860000  1.000492  1.489313  1.562498
5.900000  0.799628  1.487865  1.280897
5.940000  1.019256  1.516782  1.163484
5.980000  0.947430  1.491645  1.421180
6.020000  1.708859  1.362389  1.442347
6.060000  1.772896  1.377000  1.446356
6.100000  1.208910  1.245901  1.176942
6.140000  1.327683  1.535637  1.323806
6.180000  1.624012  1.459845  1.079199
6.220000  2.087349  1.439691  1.168589
6.260000  1.416354  1.358949  1.462295
6.300000  0.904599  1.553000  1.538233
6.340000  1.222442  1.522974  1.439944
6.380000  0.954853  1.350471  1.335580
6.420000  1.272722  1.296392  1.096269
6.460000  1.732665  0.992168  1.332907
6.500000  2.245445  1.181983  1.214833
6.540000  2.088684  1.134908  1.114377
6.580000  2.171662  1.184531  1.516456
6.620000  1.519309  1.254594  1.498657
6.660000  0.665909  1.093256  1.187509
6.700000  1.260558  1.128062  1.276605
6.740000  1.772450  1.358594  1.315297
6.780000  1.174549  0.955194  1.048630
6.820000  1.843944  1.113207  1.010093
6.860000  0.881538  0.996522  1.294897
6.900000  0.473167  1.215182  1.205097
6.940000  1.412327  1.268648  1.150614
6.980000  1.260622  1.477881  1.389978
7.020000  0.645003  1.340508  1.125497
7.060000  1.343236  1.164664  1.352556
7.100000  1.383384  1.049677  1.235711
7.140000  1.349486  1.121477  1.283798
7.180000  0.721378  1.360905  1.102576
7.220000  1.008130  1.233113  1.213548
7.260000  0.856164  1.605061  0.971449
7.300000  1.055382  1.129680  0.982877
7.340000  1.624843  0.893877  1.178904
7.380000  1.083317  1.064347  0.995230
7.420000  1.014173  1.095031  1.257091
7.460000  1.347819  1.090951  0.990547
7.500000  0.950340  1.096734  1.014432
7.540000  0.885232  0.916577  1.070829
7.580000  1.148277  1.014733  1.020771
7.620000  1.658676  1.129646  1.088621
7.660000  1.000699  1.161053  1.265070
7.700000  0.849226  1.151738  1.143382
7.740000  0.644011  1.061990  1.186236
7.780000  0.817696  1.052936  1.060691
7.820000  0.861116  1.131412  1.048516
7.860000  0.881268  0.993119  1.171170
7.900000  1.269555  0.843625  0.954979
7.940000  0.823769  1.073919  1.037195
7.980000  0.925976  1.160494  0.907097
