# Radial Distribution Function
# Columns: r(Å) g_OO(r) g_OH(r) g_HH(r)
0.020000  0.000000  0.000000  0.000000
0.060000  0.000000  0.000000  0.000000
0.100000  0.000000  0.000000  0.000000
0.140000  0.000000  0.000000  0.000000
0.180000  0.000000  0.000000  0.000000
0.220000  0.000000  0.000000  0.000000
0.260000  0.000000  0.000000  0.000000
0.300000  0.000000  0.000000  0.000000
0.340000  0.000000  0.000000  0.000000
0.380000  0.000000  0.000000  0.000000
0.420000  0.000000  0.000000  0.000000
0.460000  0.000000  0.000000  0.000000
0.500000  0.000000  0.000000  0.000000
0.540000  0.000000  0.000000  0.000000
0.580000  0.000000  0.410293  0.000000
0.620000  0.000000  0.362762  0.000000
0.660000  0.000000  0.829707  0.000000
0.700000  0.000000  1.129619  0.000000
0.740000  0.000000  1.717579  0.000000
0.780000  0.000000  2.249907  0.000000
0.820000  0.000000  3.868362  0.000000
0.860000  0.000000  5.927526  0.000000
0.900000  0.000000  11.978828  0.000000
0.940000  0.000000  26.740026  0.000000
0.980000  0.000000  36.978874  0.000000
1.020000  0.000000  31.091027  0.000000
1.060000  0.000000  15.832388  0.000000
1.100000  0.000000  9.179559  0.000000
1.140000  0.000000  4.816404  0.000000
1.180000  0.000000  2.336097  0.000000
1.220000  0.000000  1.825009  0.091535
1.260000  0.000000  1.155289  0.373073
1.300000  0.000000  0.900898  0.864714
1.340000  0.000000  1.180743  1.118158
1.380000  0.000000  0.814417  1.208653
1.420000  0.000000  0.772709  2.411771
1.460000  0.000000  1.069388  2.641371
1.500000  0.000000  1.258488  2.557829
1.540000  0.000000  1.385955  3.255731
1.580000  0.000000  1.958473  5.090418
1.620000  0.000000  1.470952  4.105521
1.660000  0.000000  2.027792  2.411708
1.700000  0.000000  3.267286  1.696130
1.740000  0.000000  3.301145  1.286045
1.780000  0.000000  2.931246  0.932874
1.820000  0.000000  3.153487  0.811789
1.860000  0.000000  2.443500  0.802536
1.900000  0.000000  2.093378  0.912909
1.940000  0.000000  1.821176  0.957959
1.980000  0.000000  1.490278  1.791367
2.020000  0.000000  1.180415  2.565695
2.060000  0.000000  1.312396  2.509605
2.100000  0.000000  2.033702  2.632143
2.140000  0.000000  0.945792  2.519320
2.180000  0.000000  0.826969  3.240979
2.220000  0.000000  0.818225  3.616722
2.260000  0.000000  0.522352  3.488145
2.300000  0.000000  0.411004  3.191929
2.340000  1.057013  0.264542  2.799039
2.380000  0.000000  0.175591  2.635613
2.420000  0.000000  0.499784  2.855796
2.460000  0.000000  0.284272  2.740456
2.500000  0.926045  0.107458  2.309733
2.540000  0.334287  0.198056  2.864413
2.580000  3.430250  0.613509  2.299062
2.620000  5.253530  0.337052  1.870053
2.660000  6.874072  0.541164  1.402175
2.700000  6.774219  0.677690  1.363494
2.740000  6.200501  1.129598  1.774023
2.780000  4.019060  0.844351  1.228995
2.820000  5.546863  1.301350  1.609875
2.860000  4.963715  1.892325  1.321101
2.900000  6.620768  2.061618  1.414167
2.940000  2.737948  2.364115  1.716575
2.980000  1.897947  2.370455  1.775287
3.020000  4.189864  2.597484  1.592399
3.060000  1.731463  3.288008  1.684747
3.100000  0.696728  3.804703  1.686171
3.140000  2.118784  2.970201  1.608139
3.180000  1.279057  3.061846  1.858380
3.220000  0.247599  3.080391  2.002819
3.260000  0.059302  2.905248  1.739143
3.300000  1.087377  2.483370  1.917030
3.340000  0.925174  3.060854  2.040696
3.380000  1.760250  3.584188  2.338018
3.420000  0.937269  3.345972  2.278129
3.460000  0.783871  3.620636  2.075779
3.500000  2.198104  3.058742  1.838130
3.540000  2.091036  2.876576  2.151017
3.580000  2.358564  2.520553  2.259650
3.620000  2.239662  2.645514  2.584267
3.660000  2.418878  2.549340  2.284637
3.700000  1.937329  2.386005  1.923017
3.740000  1.778301  2.504311  2.054145
3.780000  3.358306  1.925182  2.379056
3.820000  2.267645  1.994190  2.367429
3.860000  1.296522  2.086487  2.337194
3.900000  2.904305  1.910690  2.702478
3.940000  4.179804  1.945879  2.732137
3.980000  1.913779  1.608553  2.629784
4.020000  0.760300  1.737479  2.705677
4.060000  0.881843  1.634958  2.208651
4.100000  1.579473  1.540912  2.357038
4.140000  1.932326  1.918571  2.243100
4.180000  1.912398  1.867206  2.169678
4.220000  2.314631  1.797859  1.875554
4.260000  1.894453  1.794206  1.735157
4.300000  2.168015  1.582751  2.009859
4.340000  2.198226  1.726782  2.046913
4.380000  2.025647  1.416951  1.762484
4.420000  2.862232  1.678095  1.520710
4.460000  2.861409  2.007943  1.570842
4.500000  1.704905  1.822384  1.569881
4.540000  1.646101  1.517933  1.714685
4.580000  2.056849  1.338094  1.716041
4.620000  2.614366  1.498685  1.584260
4.660000  2.631183  1.525880  1.795586
4.700000  1.884843  1.809787  1.865717
4.740000  1.807100  1.830986  1.311717
4.780000  1.859480  1.581507  1.467673
4.820000  0.938762  1.637866  1.483168
4.860000  1.510885  1.315525  1.373000
4.900000  1.484633  1.622158  1.290467
4.940000  1.568491  1.489000  1.363445
4.980000  1.403045  1.231145  1.679337
5.020000  2.353145  1.287378  1.565895
5.060000  2.186915  1.301339  1.506732
5.100000  1.055476  1.309672  1.604878
5.140000  1.365641  1.556019  1.612240
5.180000  1.262531  1.564747  1.183857
5.220000  1.269356  1.477881  1.359045
5.260000  1.051801  1.459398  1.449689
5.300000  0.810797  1.639517  1.472664
5.340000  0.840669  1.465997  1.702197
5.380000  1.428700  1.564033  1.407838
5.420000  0.773127  1.549074  1.289107
5.460000  0.914481  1.568940  1.350721
5.500000  0.584699  1.516050  1.309196
5.540000  1.755798  1.604346  1.398858
5.580000  1.293765  1.475176  1.315405
5.620000  1.390928  1.420103  1.294341
5.660000  0.827712  1.468192  1.417572
5.700000  1.160671  1.515629  1.391258
5.740000  1.039607  1.394255  1.393568
5.780000  1.618553  1.130464  1.394308
5.820000  0.969914  1.284733  1.499430
5.860000  0.583595  1.420071  1.484292
5.900000  1.261044  1.419603  1.435478
5.940000  0.803301  1.169066  1.230744
5.980000  0.716436  1.071710  1.142269
6.020000  1.683686  1.090339  1.094532
6.060000  2.072310  1.146318  1.006869
6.100000  1.617592  1.162767  1.225880
6.140000  1.332328  1.137475  1.227572
6.180000  1.149212  1.147127  1.141177
6.220000  2.248333  1.099503  1.147194
6.260000  1.722755  1.177035  1.419531
6.300000  1.277314  1.150843  1.316216
6.340000  1.645173  1.118349  1.250424
6.380000  0.928571  1.041761  1.327737
6.420000  0.886595  1.272760  1.322587
6.460000  1.656806  1.390331  1.175327
6.500000  1.528638  1.432748  1.026387
6.540000  1.325606  1.277314  1.060141
6.580000  1.002786  1.161595  1.098202
6.620000  1.034639  1.254227  1.186023
6.660000  1.505477  1.153361  1.222613
6.700000  1.355144  1.105936  1.223233
6.740000  1.473005  1.311919  1.201118
6.780000  1.629758  1.252282  1.095140
6.820000  1.441882  1.254247  1.070893
6.860000  0.805260  1.188654  1.116708
6.900000  0.757089  1.061641  1.209527
6.940000  1.597614  1.187199  1.358588
6.980000  0.740783  1.079326  1.365963
7.020000  1.185840  1.389005  1.331699
7.060000  1.076738  1.169109  1.102212
7.100000  1.452095  1.274018  1.205928
7.140000  1.377234  1.062114  1.095401
7.180000  1.192124  1.237533  1.078334
7.220000  0.948131  1.023667  1.137068
7.260000  1.325280  0.914853  1.165005
7.300000  1.054301  1.007735  1.238444
7.340000  1.313398  1.056259  1.148879
7.380000  0.905554  1.152765  1.052198
7.420000  1.168448  1.064852  1.012857
7.460000  1.093198  1.019176  1.009472
7.500000  0.651490  1.031834  0.886782
7.540000  0.618865  0.868541  0.951410
7.580000  1.284880  1.142637  0.982505
7.620000  1.457041  1.086905  1.034556
7.660000  1.058438  0.921374  1.042991
7.700000  0.836825  1.088725  1.110722
7.740000  0.850782  1.066979  1.067241
7.780000  1.150986  1.016001  1.119319
7.820000  0.667339  1.138310  1.176423
7.860000  0.664682  1.174430  0.991354
7.900000  0.930808  0.994102  0.948228
7.940000  1.397359  1.058074  0.912560
7.980000  1.262171  0.952886  1.032995
