# Radial Distribution Function
# Columns: r(Å) g_OO(r) g_OH(r) g_HH(r)
0.020000  0.000000  0.000000  0.000000
0.060000  0.000000  0.000000  0.000000
0.100000  0.000000  0.000000  0.000000
0.140000  0.000000  0.000000  0.000000
0.180000  0.000000  0.000000  0.000000
0.220000  0.000000  0.000000  0.000000
0.260000  0.000000  0.000000  0.000000
0.300000  0.000000  0.000000  0.000000
0.340000  0.000000  0.000000  0.000000
0.380000  0.000000  0.000000  0.000000
0.420000  0.000000  0.000000  0.000000
0.460000  0.000000  0.000000  0.000000
0.500000  0.000000  0.000000  0.000000
0.540000  0.000000  0.000000  0.000000
0.580000  0.000000  0.000000  0.000000
0.620000  0.000000  0.000000  0.000000
0.660000  0.000000  0.000000  0.000000
0.700000  0.000000  0.000000  0.000000
0.740000  0.000000  0.000000  0.000000
0.780000  0.000000  0.000000  0.000000
0.820000  0.000000  1.484070  0.000000
0.860000  0.000000  5.846653  0.000000
0.900000  0.000000  10.392700  0.000000
0.940000  0.000000  19.231030  0.000000
0.980000  0.000000  42.846113  0.000000
1.020000  0.000000  50.181305  0.000000
1.060000  0.000000  20.899857  0.000000
1.100000  0.000000  4.809584  0.000000
1.140000  0.000000  1.135358  0.000000
1.180000  0.000000  0.275642  0.000000
1.220000  0.000000  0.000000  0.000000
1.260000  0.000000  0.313380  0.000000
1.300000  0.000000  0.899999  0.044083
1.340000  0.000000  0.353078  0.105321
1.380000  0.000000  0.114950  0.129396
1.420000  0.000000  0.430029  0.485994
1.460000  0.000000  0.389450  0.732609
1.500000  0.000000  1.387378  2.902305
1.540000  0.000000  1.409746  4.972962
1.580000  0.000000  3.113575  6.904031
1.620000  0.000000  3.020214  6.374048
1.660000  0.000000  2.768086  3.945140
1.700000  0.000000  2.600006  1.168953
1.740000  0.000000  4.025594  0.531887
1.780000  0.000000  3.457276  0.567034
1.820000  0.000000  3.083823  0.160033
1.860000  0.000000  2.055241  0.732991
1.900000  0.000000  2.279903  0.790557
1.940000  0.000000  2.380236  0.813110
1.980000  0.000000  1.816571  1.688351
2.020000  0.000000  1.015154  2.092641
2.060000  0.000000  1.061196  3.516558
2.100000  0.000000  0.792298  3.914061
2.140000  0.000000  0.955402  3.570768
2.180000  0.000000  0.309281  3.073747
2.220000  0.000000  0.710112  4.475620
2.260000  0.000000  0.424700  3.473724
2.300000  0.000000  0.373512  2.723459
2.340000  1.057013  0.383696  3.225612
2.380000  0.000000  0.378436  3.015411
2.420000  0.000000  0.367000  1.944857
2.460000  0.000000  0.317109  2.134494
2.500000  0.926045  0.353440  2.224447
2.540000  0.000000  0.234874  2.206901
2.580000  4.128853  0.257118  2.640927
2.620000  4.025622  0.320563  2.183969
2.660000  6.672918  0.407427  1.719483
2.700000  8.199235  0.380235  1.182311
2.740000  5.418004  1.390139  1.332004
2.780000  4.100253  1.230132  1.089290
2.820000  6.763775  1.606608  0.649649
2.860000  5.844304  1.496639  1.503869
2.900000  4.590763  1.727766  1.590436
2.940000  2.574163  2.339883  1.454301
2.980000  2.475601  2.443323  1.597180
3.020000  3.778451  2.989059  1.431996
3.060000  1.838306  2.707391  1.595546
3.100000  1.020607  3.483770  1.290164
3.140000  1.361511  2.591376  1.811129
3.180000  1.859836  3.012683  1.772936
3.220000  0.240667  3.898264  2.372243
3.260000  0.544599  3.339861  1.909422
3.300000  0.378717  2.868833  1.986028
3.340000  0.667946  2.782436  1.845504
3.380000  1.076938  3.567048  2.062676
3.420000  1.395611  2.447424  2.518385
3.460000  1.186936  2.960634  2.584475
3.500000  2.925365  3.422725  2.241307
3.540000  1.406768  2.617121  2.586281
3.580000  1.788340  2.176983  1.735357
3.620000  2.644713  2.793437  1.906036
3.660000  2.430263  2.984632  1.908880
3.700000  1.770421  2.541868  2.297531
3.740000  2.278678  2.540836  2.455754
3.780000  2.626073  2.663834  2.359936
3.820000  2.667949  1.782664  2.300562
3.860000  2.089578  1.926987  2.879682
3.900000  2.643926  1.277008  2.779469
3.940000  3.202236  2.090723  1.942354
3.980000  2.180617  1.741825  2.309787
4.020000  1.614874  1.734602  2.387634
4.060000  0.523532  2.305801  2.576013
4.100000  1.834236  2.066198  2.210991
4.140000  1.422859  1.709150  2.830667
4.180000  2.507207  1.408770  2.761172
4.220000  1.736592  1.979894  1.810609
4.260000  2.392916  1.738290  2.155867
4.300000  1.586354  1.525127  2.176537
4.340000  2.393218  1.782565  1.689049
4.380000  1.811357  1.725704  1.316903
4.420000  2.537397  1.977216  1.358297
4.460000  2.374191  1.322762  1.407651
4.500000  2.501606  1.786660  1.595270
4.540000  1.211765  1.298763  1.777478
4.580000  2.261873  1.440577  1.997363
4.620000  3.051515  1.788822  1.801028
4.660000  2.807305  1.670790  1.724982
4.700000  1.158384  1.878122  1.492744
4.740000  2.250065  1.739254  1.359125
4.780000  1.613413  1.282234  1.302488
4.820000  1.223251  1.416697  1.255429
4.860000  1.661978  1.316078  1.529640
4.900000  1.605123  1.499644  1.334708
4.940000  1.110577  1.484543  1.552944
4.980000  1.522291  1.237253  1.773383
5.020000  2.672610  1.414477  1.598671
5.060000  1.691566  1.399197  1.567900
5.100000  1.454162  1.553533  1.297846
5.140000  1.302623  1.412799  1.328157
5.180000  1.032008  1.274091  1.389096
5.220000  0.989966  1.693477  1.658334
5.260000  1.276852  1.685184  1.394182
5.300000  1.059832  1.561670  1.328844
5.340000  0.622681  1.415632  1.665931
5.380000  1.325896  1.562915  1.862606
5.420000  1.043309  1.571577  1.400479
5.460000  0.711866  1.571904  1.501910
5.500000  0.965824  1.475628  1.269479
5.540000  1.230843  1.535263  1.525225
5.580000  2.001322  1.586742  1.212817
5.620000  0.969276  1.483494  1.510689
5.660000  1.076791  1.488780  1.248541
5.700000  1.184758  1.282363  1.320771
5.740000  1.299089  1.248417  1.397830
5.780000  0.820226  1.293234  1.301873
5.820000  1.093774  1.333432  1.365587
5.860000  0.805721  1.317029  1.172280
5.900000  1.349391  1.713960  1.356216
5.940000  0.674807  1.265194  1.259726
5.980000  0.894853  0.987403  1.458151
6.020000  1.416308  1.075836  1.145109
6.060000  2.038469  0.992084  1.310593
6.100000  1.605112  0.960779  1.303395
6.140000  1.487127  1.161490  0.833095
6.180000  1.313976  1.206426  1.156506
6.220000  1.504061  0.989759  1.134347
6.260000  2.042661  1.058405  1.218023
6.300000  1.808401  1.150447  1.152430
6.340000  1.463184  1.183647  1.319998
6.380000  0.780203  1.347584  1.361574
6.420000  0.667926  1.515289  1.245872
6.460000  1.649616  1.508708  1.236396
6.500000  1.618164  1.272582  1.034112
6.540000  1.491473  1.170254  0.979965
6.580000  0.803136  1.161126  0.999721
6.620000  1.211542  1.139935  1.085882
6.660000  1.689285  1.214735  1.285799
6.700000  0.988225  1.089823  1.426048
6.740000  2.020961  1.268304  1.404442
6.780000  1.344273  1.242621  1.171123
6.820000  1.401573  1.059510  1.050911
6.860000  0.670667  1.168982  0.963068
6.900000  0.830583  1.395638  1.218912
6.940000  1.411568  1.123888  1.447572
6.980000  0.748817  1.197465  1.299347
7.020000  1.239863  1.351504  1.211262
7.060000  1.199431  1.105970  1.120427
7.100000  1.555377  1.115313  1.147684
7.140000  1.218479  1.214497  1.148800
7.180000  1.299731  1.098043  1.052608
7.220000  0.967351  1.027063  1.015087
7.260000  1.057763  0.759459  1.175232
7.300000  1.116441  0.813044  1.130825
7.340000  1.056489  1.185836  1.178952
7.380000  1.022159  1.248026  1.148845
7.420000  1.465240  1.115478  1.107243
7.460000  1.092522  1.010777  1.126860
7.500000  0.509130  1.010537  1.072388
7.540000  0.744742  1.058352  0.956862
7.580000  1.230919  1.041768  0.911731
7.620000  1.162321  1.087363  0.942797
7.660000  1.514257  1.001080  1.087586
7.700000  0.826929  1.035588  0.979707
7.740000  0.614575  1.136339  1.151457
7.780000  0.781954  1.030839  1.235414
7.820000  1.301986  0.897865  1.095875
7.860000  0.361274  1.045580  0.932018
7.900000  1.062508  1.152729  0.923935
7.940000  1.098007  1.114177  0.986643
7.980000  1.605869  0.934144  1.091697
