# Radial Distribution Function
# Columns: r(A) g_OO(r) g_OH(r) g_HH(r)
0.020000  0.000000  0.000000  0.000000
0.060000  0.000000  0.000000  0.000000
0.100000  0.000000  0.000000  0.000000
0.140000  0.000000  0.000000  0.000000
0.180000  0.000000  0.000000  0.000000
0.220000  0.000000  0.000000  0.000000
0.260000  0.000000  0.000000  0.000000
0.300000  0.000000  0.000000  0.000000
0.340000  0.000000  0.000000  0.000000
0.380000  0.000000  0.000000  0.000000
0.420000  0.000000  0.000000  0.000000
0.460000  0.000000  0.000000  0.000000
0.500000  0.000000  0.000000  0.000000
0.540000  0.000000  0.000000  0.000000
0.580000  0.000000  0.000000  0.000000
0.620000  0.000000  0.000000  0.000000
0.660000  0.000000  0.000000  0.000000
0.700000  0.000000  0.000000  0.000000
0.740000  0.000000  0.000000  0.000000
0.780000  0.000000  0.000000  0.000000
0.820000  0.000000  0.134772  0.000000
0.860000  0.000000  0.891792  0.000000
0.900000  0.000000  1.937671  0.000000
0.940000  0.000000  7.998508  0.000000
0.980000  0.000000  15.292687  0.000000
1.020000  0.000000  15.109918  0.000000
1.060000  0.000000  7.140623  0.000000
1.100000  0.000000  2.711596  0.000000
1.140000  0.000000  0.744742  0.000000
1.180000  0.000000  1.298293  0.000000
1.220000  0.000000  0.835438  0.000000
1.260000  0.000000  0.992727  0.000000
1.300000  0.000000  1.316773  0.000000
1.340000  0.000000  0.627991  0.000000
1.380000  0.000000  0.366453  0.000000
1.420000  0.000000  0.263165  0.038758
1.460000  0.000000  0.346678  0.444822
1.500000  0.000000  0.199303  0.893046
1.540000  0.000000  0.470741  1.609152
1.580000  0.000000  0.720023  2.053741
1.620000  0.000000  0.900986  1.802885
1.660000  0.000000  0.930640  1.160757
1.700000  0.000000  1.222586  1.036727
1.740000  0.000000  1.440108  0.513465
1.780000  0.000000  1.194183  0.451419
1.820000  0.000000  0.760948  0.687915
1.860000  0.000000  0.837397  0.305916
1.900000  0.000000  1.117717  0.248048
1.940000  0.000000  1.354337  0.498365
1.980000  0.000000  0.743498  0.735182
2.020000  0.000000  0.698088  0.836733
2.060000  0.000000  0.500404  0.927922
2.100000  0.000000  0.673665  1.529390
2.140000  0.000000  0.514282  1.218623
2.180000  0.000000  0.276394  1.266443
2.220000  0.000000  0.187855  1.344256
2.260000  0.000000  0.110478  1.226855
2.300000  0.000000  0.194617  1.214812
2.340000  0.204525  0.203376  0.998406
2.380000  0.138060  0.259931  1.162443
2.420000  0.000000  0.249974  1.371290
2.460000  0.000000  0.114857  1.174265
2.500000  0.304308  0.062183  1.051568
2.540000  0.000000  0.056619  1.010828
2.580000  1.369900  0.144421  0.999389
2.620000  2.041805  0.184550  0.873911
2.660000  2.106407  0.061133  0.872444
2.700000  2.677687  0.187231  0.706903
2.740000  1.690404  0.282102  0.736958
2.780000  2.783677  0.612395  0.598576
2.820000  2.085638  0.664105  0.829297
2.860000  2.028171  0.531329  0.727293
2.900000  2.595987  0.592422  0.528567
2.940000  1.940378  0.800902  0.773983
2.980000  1.976271  0.798692  0.680290
3.020000  1.591693  1.154835  0.788031
3.060000  0.444753  1.189294  0.535273
3.100000  0.388316  1.368882  0.455118
3.140000  0.663409  1.162913  0.571185
3.180000  0.849919  1.262349  0.720784
3.220000  0.898500  1.466262  0.997858
3.260000  0.580819  1.347957  0.936487
3.300000  0.603775  1.372355  0.848901
3.340000  0.495817  1.356933  1.013200
3.380000  1.131127  1.477762  1.057109
3.420000  0.750072  1.553942  1.234024
3.460000  0.287614  1.528599  1.063218
3.500000  1.333802  1.647532  1.068186
3.540000  0.639798  1.432409  0.948909
3.580000  0.448747  1.013149  0.950377
3.620000  1.357791  1.305564  1.186652
3.660000  1.238439  1.547642  1.028217
3.700000  0.475572  1.341435  0.966282
3.740000  1.302998  1.386898  1.058007
3.780000  1.116686  1.270871  1.385657
3.820000  0.735452  1.180885  1.242901
3.860000  1.243370  0.933946  1.321043
3.900000  1.060255  0.819927  1.323674
3.940000  1.524997  1.144593  1.299603
3.980000  1.437938  1.084251  1.317064
4.020000  0.260516  1.282922  1.209879
4.060000  0.892892  1.131435  1.256303
4.100000  1.161911  0.938458  1.284618
4.140000  1.108337  1.161388  1.392202
4.180000  1.210202  0.957686  1.328338
4.220000  1.237890  0.935420  1.121709
4.260000  1.252825  1.026970  1.070286
4.300000  1.442741  1.099001  0.920966
4.340000  1.283046  1.104876  1.194409
4.380000  0.985454  0.773318  1.272132
4.420000  1.422400  0.928907  1.008998
4.460000  1.371427  0.960319  0.965135
4.500000  1.214801  0.923070  1.001480
4.540000  0.794923  0.834672  1.062713
4.580000  1.023970  1.016432  0.941842
4.620000  1.964432  1.085309  0.934426
4.660000  1.506397  1.112489  0.890573
4.700000  1.008783  1.250326  0.924285
4.740000  1.203036  1.036416  0.888634
4.780000  1.096089  0.917617  0.962262
4.820000  1.033036  0.906351  0.945789
4.860000  1.605318  0.866495  1.003955
4.900000  1.667600  0.892328  0.951944
4.940000  1.184910  0.790575  1.001218
4.980000  1.205444  0.892970  1.084976
5.020000  1.059017  0.990792  0.983050
5.060000  1.386031  0.764833  1.014531
5.100000  0.727433  1.142129  1.126506
5.140000  0.708396  1.070708  0.954257
5.180000  0.702449  1.300430  0.873779
5.220000  0.951000  0.985821  0.903911
5.260000  0.828470  1.016469  0.926119
5.300000  0.758845  0.968823  0.948797
5.340000  0.811155  0.995808  1.023560
5.380000  0.776973  0.840070  0.938812
5.420000  0.611895  1.010324  0.962861
5.460000  0.570745  1.011683  0.831215
5.500000  0.717962  0.899768  0.952454
5.540000  0.603114  1.074055  0.993849
5.580000  0.839686  0.958586  0.933655
5.620000  0.981744  1.000598  0.866870
5.660000  0.749875  1.031998  1.041417
5.700000  0.975996  1.026939  1.067136
5.740000  0.842265  0.939123  0.948489
5.780000  0.797467  0.894486  0.951303
5.820000  0.634121  0.908656  0.977161
5.860000  0.620077  0.907611  0.904612
5.900000  0.795676  0.986300  0.998340
5.940000  0.866013  0.948940  1.028438
5.980000  0.621131  0.822697  0.987869
6.020000  0.603371  0.932265  0.950596
6.060000  1.177323  0.821623  0.937396
6.100000  1.201416  0.803125  1.081779
6.140000  1.055309  0.969656  0.981312
6.180000  1.093280  0.997824  0.929081
6.220000  1.147362  0.883635  0.931359
6.260000  1.097484  0.894026  0.988214
6.300000  1.319172  0.888123  1.079852
6.340000  0.917245  1.015173  1.055798
6.380000  0.908204  0.851783  1.010608
6.420000  1.195344  0.982142  0.937835
6.460000  0.981184  0.946735  0.854484
6.500000  0.962676  0.848926  0.813244
6.540000  0.897682  0.937716  0.711461
6.580000  0.727135  0.776471  0.807269
6.620000  0.714476  0.744072  0.856692
6.660000  0.972608  0.730380  0.854860
6.700000  0.672315  0.764495  0.890305
6.740000  0.666030  0.753720  0.825319
6.780000  0.806763  0.787125  0.715630
6.820000  0.580386  0.737607  0.836051
6.860000  0.799350  0.826703  0.688351
6.900000  0.823518  0.793167  0.659074
6.940000  0.753282  0.638436  0.712826
6.980000  0.821268  0.634937  0.675980
7.020000  0.794218  0.791514  0.739968
7.060000  0.885094  0.702068  0.670022
7.100000  0.467810  0.814124  0.631656
7.140000  0.682705  0.810598  0.589062
7.180000  0.647947  0.618287  0.621183
7.220000  0.713758  0.585272  0.657020
7.260000  0.545444  0.558031  0.591580
7.300000  0.606873  0.510139  0.661746
7.340000  0.734651  0.613909  0.560124
7.380000  0.853217  0.630274  0.506025
7.420000  0.596918  0.513625  0.485329
7.460000  0.676416  0.476454  0.469530
7.500000  0.552667  0.544895  0.480939
7.540000  0.544949  0.592158  0.461391
7.580000  0.646315  0.522674  0.394129
7.620000  0.416602  0.459600  0.452192
7.660000  0.440665  0.402254  0.483893
7.700000  0.346715  0.432767  0.442019
7.740000  0.502829  0.419463  0.424652
7.780000  0.388918  0.411951  0.438653
7.820000  0.289721  0.370486  0.406569
7.860000  0.208556  0.325578  0.413995
7.900000  0.374151  0.340641  0.418760
7.940000  0.266216  0.338863  0.319845
7.980000  0.320188  0.374073  0.330368
