# Radial Distribution Function
# Columns: r(A) g_OO(r) g_OH(r) g_HH(r)
0.015000  0.000000  0.000000  0.000000
0.045000  0.000000  0.000000  0.000000
0.075000  0.000000  0.000000  0.000000
0.105000  0.000000  0.000000  0.000000
0.135000  0.000000  0.000000  0.000000
0.165000  0.000000  0.000000  0.000000
0.195000  0.000000  0.000000  0.000000
0.225000  0.000000  0.000000  0.000000
0.255000  0.000000  0.000000  0.000000
0.285000  0.000000  0.000000  0.000000
0.315000  0.000000  0.000000  0.000000
0.345000  0.000000  0.000000  0.000000
0.375000  0.000000  4.437820  0.000000
0.405000  15.460432  0.000000  0.000000
0.435000  0.000000  0.000000  0.000000
0.465000  0.000000  0.000000  0.000000
0.495000  0.000000  2.546958  0.000000
0.525000  0.000000  0.000000  0.000000
0.555000  0.000000  0.000000  4.083970
0.585000  0.000000  1.823562  1.837921
0.615000  0.000000  1.649993  1.662985
0.645000  0.000000  0.000000  0.000000
0.675000  0.000000  0.000000  0.000000
0.705000  0.000000  2.511216  2.530989
0.735000  0.000000  1.155201  0.000000
0.765000  4.333201  0.000000  0.000000
0.795000  4.012337  0.000000  0.000000
0.825000  0.000000  1.833810  1.848250
0.855000  0.000000  0.853690  0.860412
0.885000  3.237764  1.593587  0.000000
0.915000  3.028932  0.745401  2.253811
0.945000  2.839671  1.397651  2.112984
0.975000  0.000000  0.000000  1.323303
1.005000  0.000000  0.000000  0.000000
1.035000  0.000000  1.165149  1.174324
1.065000  0.000000  2.200863  1.109096
1.095000  2.114966  1.561440  0.524578
1.125000  4.007344  1.479273  0.993948
1.155000  1.900937  0.000000  1.885969
1.185000  1.805905  0.444422  1.343764
1.215000  0.000000  1.268239  0.852150
1.245000  0.000000  0.805237  0.811577
1.275000  0.000000  0.767789  1.160752
1.305000  2.978109  0.366447  0.738665
1.335000  1.422883  0.000000  0.352920
1.365000  0.000000  0.334940  1.687886
1.395000  0.000000  0.000000  0.323214
1.425000  3.746478  0.921985  0.309748
1.455000  0.000000  1.768714  0.297107
1.485000  0.000000  1.414977  0.285224
1.515000  0.000000  1.631392  0.822119
1.545000  1.062367  1.045768  0.527001
1.575000  0.000000  0.503154  0.253558
1.605000  0.984423  1.453562  1.220839
1.635000  0.000000  0.233452  0.470579
1.665000  0.000000  2.026032  1.815098
1.695000  0.882658  1.737732  0.875708
1.725000  0.000000  1.048634  0.422757
1.755000  0.000000  0.810472  0.816854
1.785000  2.387682  1.762781  1.579254
1.815000  1.539602  0.757773  1.336544
1.845000  0.744970  0.916663  0.739104
1.875000  0.721322  1.065077  0.536732
1.905000  0.698782  0.859829  1.733199
1.935000  0.677282  0.333350  0.503962
1.965000  2.627039  1.616245  1.303177
1.995000  0.000000  1.411201  0.474104
2.025000  0.000000  1.521886  0.613548
2.055000  0.600493  0.738888  0.595765
2.085000  0.000000  0.861334  0.868116
2.115000  1.133812  0.837072  1.265495
2.145000  1.102318  1.356368  0.956934
2.175000  0.000000  1.055368  1.728476
2.205000  0.000000  1.026845  1.034931
2.235000  1.015329  0.624665  0.503667
2.265000  0.494305  2.067973  0.613016
2.295000  0.962933  1.777289  1.313608
2.325000  1.407366  1.154480  0.814499
2.355000  1.371738  0.787678  0.340234
2.385000  2.229076  0.438849  1.105762
2.415000  0.869616  1.284042  0.862768
2.445000  0.424203  0.521969  0.946942
2.475000  1.241945  0.713148  0.616083
2.505000  1.616502  1.392339  1.403302
2.535000  0.789234  1.262466  0.880897
2.565000  0.385440  1.043398  0.669209
2.595000  0.753159  0.556044  1.401055
2.625000  1.840107  0.815110  0.912809
2.655000  1.439006  1.770652  1.695364
2.685000  0.703515  0.952218  1.657691
2.715000  0.688053  0.761965  0.767965
2.745000  1.009644  0.828224  1.168643
2.775000  0.000000  0.648330  1.061832
2.805000  0.322304  1.031122  1.359007
2.835000  1.893114  1.164709  1.173880
2.865000  0.308946  0.912356  0.842911
2.895000  1.512880  1.340317  0.825532
2.925000  0.889204  0.583540  0.661651
2.955000  0.290413  0.714689  0.864380
2.985000  0.569211  0.630356  0.776502
3.015000  1.673818  1.029791  0.761126
3.045000  1.640999  1.076906  1.153222
3.075000  0.804568  1.055995  1.263868
3.105000  0.526064  0.776766  0.782882
3.135000  1.290110  1.269952  1.087959
3.165000  1.012615  0.996793  1.067431
3.195000  0.993688  0.855891  1.355562
3.225000  0.975287  1.140057  1.209509
3.255000  1.196740  1.119139  1.009219
3.285000  1.409977  0.983129  1.165729
3.315000  1.615335  0.965415  1.316435
3.345000  1.359849  0.613526  1.180499
3.375000  1.113151  0.876607  1.049167
3.405000  1.312347  0.861228  0.976510
3.435000  0.859683  1.004922  0.692992
3.465000  1.267291  1.403426  0.890596
3.495000  1.453233  1.175075  1.184328
3.525000  0.612258  1.506729  0.860536
3.555000  0.802625  0.839464  1.094919
3.585000  0.986560  0.825473  0.783033
3.615000  1.358354  0.811829  1.395789
3.645000  0.954348  0.845492  0.804808
3.675000  0.938830  1.247617  0.558863
3.705000  0.738950  1.182032  0.778953
3.735000  0.908909  0.849972  0.721402
3.765000  1.610068  1.452835  0.931811
3.795000  0.704317  1.169964  0.786117
3.825000  0.866640  0.810444  0.988789
3.855000  0.682563  1.469777  0.592540
3.885000  1.512140  0.992342  0.916810
3.915000  1.158154  0.773610  1.025924
3.945000  1.303550  1.002486  0.687058
3.975000  1.123454  0.908418  1.154416
4.005000  0.948589  1.206116  1.176399
4.035000  1.246047  1.188247  0.618118
4.065000  0.767327  1.133007  0.951607
4.095000  0.604900  1.116467  1.125258
4.125000  0.447100  1.026934  1.367705
4.155000  0.881335  0.903712  1.238726
4.185000  1.158326  0.677010  0.754166
4.215000  1.284633  1.018674  0.991291
4.245000  0.703633  0.831167  0.942425
4.275000  0.416275  1.092723  0.963661
4.305000  1.505144  1.380606  1.221785
4.335000  1.349440  1.062684  0.937170
4.365000  0.798573  0.982619  0.792285
4.395000  1.444131  1.130792  1.237384
4.425000  0.906574  1.083639  0.867313
4.455000  1.149949  1.163425  0.919054
4.485000  1.386754  1.272012  0.875531
4.515000  0.995190  0.979640  0.802225
4.545000  0.736572  1.148016  1.217954
4.575000  0.605786  0.954113  1.202033
4.605000  0.956671  1.000580  0.830495
4.635000  1.298449  1.045768  1.141836
4.665000  1.398330  0.946331  0.895977
4.695000  1.380517  0.679473  1.084304
4.725000  1.363042  1.090168  1.380483
4.755000  1.233739  0.993651  1.112750
4.785000  0.886049  1.008487  1.208724
4.815000  1.203183  1.076712  0.678244
4.845000  1.728479  0.983663  1.259357
4.875000  0.533522  0.997853  0.899846
4.905000  0.737822  1.063501  1.150305
4.935000  1.145381  1.101860  1.291321
4.965000  0.514355  1.063269  0.714427
4.995000  1.524586  0.875446  1.260485
5.025000  1.305578  0.914454  0.846926
5.055000  0.793925  1.001322  1.009207
5.085000  1.373023  0.917136  1.410862
5.115000  0.872334  0.930263  0.961628
5.145000  0.766392  0.966597  1.211819
5.175000  1.136298  0.932119  1.080378
5.205000  1.029634  0.898370  1.160826
5.235000  0.925334  0.979191  1.009852
5.265000  0.823337  1.058116  1.134519
5.295000  1.085378  1.268747  1.054398
5.325000  1.073183  0.770302  1.020369
5.355000  0.795894  1.022848  0.899298
5.385000  1.224301  1.183651  1.171280
5.415000  1.210773  1.021590  1.008183
5.445000  0.769801  0.820920  0.975889
5.475000  0.930585  0.811949  1.070140
5.505000  1.004149  1.050238  0.643407
5.535000  1.158843  1.038884  1.149718
5.565000  0.736960  0.806050  0.670227
5.595000  0.810087  1.255951  0.884079
5.625000  0.801469  0.788946  0.675884
5.655000  1.030884  1.131866  1.003098
5.685000  0.863105  0.907547  0.953616
5.715000  1.397564  0.955366  0.924373
5.745000  0.768337  0.737423  1.162487
5.775000  0.532262  1.085316  0.886405
5.805000  1.354565  1.222283  0.821271
5.835000  0.968263  1.081440  1.108429
5.865000  0.810939  1.034120  1.316543
5.895000  0.656760  1.167288  0.977383
5.925000  1.444724  1.262159  1.146679
5.955000  1.072653  0.985500  1.028734
5.985000  1.132722  0.679467  0.983328
