# Radial Distribution Function
# Columns: r(A) g_OO(r) g_OH(r) g_HH(r)
0.020000  0.000000  0.000000  0.000000
0.060000  0.000000  5.839195  2.942586
0.100000  0.000000  1.051055  0.000000
0.140000  2.179058  0.000000  1.621425
0.180000  1.318196  1.297599  0.980862
0.220000  0.882429  0.651480  2.188701
0.260000  0.631798  1.243852  0.940235
0.300000  1.423651  0.700703  0.823924
0.340000  2.216758  0.727374  0.824739
0.380000  0.591545  0.946241  1.027052
0.420000  1.452705  1.251256  1.020897
0.460000  2.220250  1.589497  0.750944
0.500000  0.854191  1.219224  0.847465
0.540000  1.171729  0.937155  1.017190
0.580000  0.761763  1.062303  0.881726
0.620000  0.888856  1.121053  0.578719
0.660000  1.176571  1.037543  1.459134
0.700000  0.871623  1.072505  0.843141
0.740000  0.701946  1.285988  1.044629
0.780000  0.561598  1.122922  1.044705
0.820000  1.587951  0.937884  1.039796
0.860000  0.750709  1.037412  1.074227
0.900000  0.685462  0.804511  1.072409
0.940000  0.386687  1.177619  0.887172
0.980000  1.245176  0.984954  0.948589
1.020000  0.738919  1.111265  1.079288
1.060000  0.608181  1.047688  0.848521
1.100000  1.235400  1.111860  1.006802
1.140000  0.985908  0.841103  1.092262
1.180000  0.766833  0.966210  1.110761
1.220000  1.004323  0.988630  1.046235
1.260000  0.780157  0.893754  0.894119
1.300000  0.732886  1.113248  1.197232
1.340000  1.284426  0.913147  0.837742
1.380000  0.986778  1.026550  1.006821
1.420000  1.016692  1.021656  0.992926
1.460000  1.222219  0.956580  1.043627
1.500000  0.968083  0.892229  1.031082
1.540000  0.936455  0.979437  1.103284
1.580000  0.889640  0.968365  0.929312
1.620000  1.432114  0.977204  1.017190
1.660000  0.898952  0.926863  1.026424
1.700000  0.901482  1.065603  0.931038
1.740000  0.945151  1.065775  1.119652
1.780000  1.051428  1.028365  1.006371
1.820000  0.825205  1.043947  1.100139
1.860000  0.864166  0.950920  0.982903
1.900000  0.970134  0.934595  1.044659
1.940000  1.112109  0.999781  0.833144
1.980000  0.871534  1.018776  0.921416
2.020000  0.994365  1.048376  1.012497
2.060000  0.956124  1.003104  0.893676
2.100000  1.084687  0.989088  0.975257
2.140000  1.165755  1.000655  1.068676
2.180000  0.970590  1.019561  0.960718
2.220000  0.927263  1.023672  1.048928
2.260000  0.969987  1.076243  0.958201
2.300000  0.993057  0.995423  0.955200
2.340000  0.982797  0.971280  0.992470
2.380000  0.927419  1.050239  1.142665
2.420000  1.020992  1.058880  0.900804
2.460000  0.924541  0.979567  1.027542
2.500000  0.915693  0.855979  1.035602
2.540000  1.059199  0.992145  1.067278
2.580000  1.110022  0.942672  0.950094
2.620000  0.827511  0.986072  1.020071
2.660000  0.959751  0.937328  1.019567
2.700000  1.025263  0.964548  0.931456
2.740000  0.989858  0.981392  1.013106
2.780000  0.839999  0.990073  0.971826
2.820000  0.998940  0.939717  0.959105
2.860000  1.002522  1.013842  0.999809
2.900000  1.091861  1.014812  0.992572
2.940000  1.072235  0.975226  0.998837
2.980000  0.889742  1.023786  1.043776
3.020000  1.030229  1.049857  1.018632
3.060000  1.012593  0.991159  0.985387
3.100000  0.822192  1.029181  0.963429
3.140000  1.039625  0.939165  0.970198
3.180000  1.013636  1.031058  1.060127
3.220000  1.058635  0.952887  1.005345
3.260000  0.924310  1.001843  0.986806
3.300000  1.074602  0.987355  0.958164
3.340000  1.056674  1.001534  0.986630
3.380000  1.072935  0.994530  0.993088
3.420000  1.029726  1.025319  0.979956
3.460000  1.091677  1.022820  1.028219
3.500000  0.923921  1.027031  1.011769
3.540000  0.961098  0.973758  0.993260
3.580000  1.033048  1.021827  1.038965
3.620000  1.072269  0.973704  1.033916
3.660000  0.908673  0.972938  1.062842
3.700000  0.985845  0.998848  1.011356
3.740000  1.013724  1.014416  0.976206
3.780000  1.076078  0.986440  1.007552
3.820000  0.989270  0.983897  1.054075
3.860000  1.094999  1.044734  0.960533
3.900000  0.985605  0.997155  0.999435
3.940000  1.086750  1.022374  0.963549
3.980000  0.986824  0.994629  1.016504
4.020000  1.054498  0.948268  0.991132
4.060000  0.994956  1.027871  1.003189
4.100000  0.947689  1.013540  0.997574
4.140000  0.946908  0.978718  0.977154
4.180000  1.021759  0.962483  0.993706
4.220000  0.990490  1.009245  0.979717
4.260000  0.967270  0.991540  1.032620
4.300000  1.101809  0.968062  1.007195
4.340000  0.950078  0.999405  0.990965
4.380000  0.972877  1.016298  0.974052
4.420000  1.018747  0.998525  0.980902
4.460000  0.961907  0.989677  0.991612
4.500000  0.925901  1.021470  0.992371
4.540000  1.075426  0.998450  1.024300
4.580000  0.952883  1.001129  1.011032
4.620000  1.064517  1.034588  1.018912
4.660000  0.997151  1.043524  1.030764
4.700000  0.953183  0.986345  0.996989
4.740000  1.001795  1.039472  0.993435
4.780000  1.054261  1.000067  1.012115
4.820000  1.073603  1.010682  0.989458
4.860000  0.992715  1.022593  0.995663
4.900000  1.001477  1.017786  0.998445
4.940000  1.016827  0.977682  1.005348
4.980000  0.940284  0.998910  1.008911
5.020000  0.988066  0.986808  0.978184
5.060000  0.997528  0.996309  0.979743
5.100000  1.037771  0.988824  1.007607
5.140000  1.037848  1.006514  1.004014
5.180000  0.982088  0.978886  0.999622
5.220000  0.943584  0.973971  0.976586
5.260000  1.046606  1.041269  1.033387
5.300000  1.018704  0.986697  0.983153
5.340000  0.955571  0.982660  1.007114
5.380000  1.050607  1.023661  0.997684
5.420000  0.940656  0.988929  0.998158
5.460000  1.028642  0.995293  0.991049
5.500000  0.969965  0.992682  1.004001
5.540000  1.017238  0.943126  1.024415
5.580000  1.041114  0.999192  1.011482
5.620000  1.023642  1.016633  1.030675
5.660000  0.987894  1.005267  0.978792
5.700000  1.024030  1.020969  1.000316
5.740000  1.009807  0.989563  0.990281
5.780000  1.016334  1.001083  1.013722
5.820000  0.992324  1.033604  0.978881
5.860000  1.021111  1.005156  0.962170
5.900000  1.013447  0.998517  0.982643
5.940000  0.990160  0.977965  0.987167
5.980000  0.999650  0.993142  1.000666
6.020000  0.994659  1.010730  0.993550
6.060000  0.978083  0.989990  1.022593
6.100000  0.956115  0.958971  0.998123
6.140000  1.012805  0.947075  0.989656
6.180000  0.891264  0.925498  0.950814
6.220000  0.914059  0.947863  0.927946
6.260000  0.842472  0.896898  0.895580
6.300000  0.875928  0.861712  0.871966
6.340000  0.889348  0.881466  0.843604
6.380000  0.825768  0.864767  0.838785
6.420000  0.890119  0.846120  0.820141
6.460000  0.819771  0.819051  0.811031
6.500000  0.798593  0.789100  0.815372
6.540000  0.769881  0.795450  0.769268
6.580000  0.715173  0.766387  0.765571
6.620000  0.794267  0.734130  0.756106
6.660000  0.759720  0.723679  0.711943
6.700000  0.719279  0.724898  0.707243
6.740000  0.699484  0.683002  0.704237
6.780000  0.620643  0.671537  0.686504
6.820000  0.678579  0.659615  0.651144
6.860000  0.638924  0.643012  0.645148
6.900000  0.601934  0.654564  0.606540
6.940000  0.628713  0.618453  0.620243
6.980000  0.575066  0.605344  0.583584
7.020000  0.600598  0.601878  0.580392
7.060000  0.515836  0.570827  0.571283
7.100000  0.549014  0.547524  0.568227
7.140000  0.537015  0.547592  0.541306
7.180000  0.522764  0.531518  0.552758
7.220000  0.570243  0.510321  0.521045
7.260000  0.469980  0.520267  0.509491
7.300000  0.476866  0.482432  0.491002
7.340000  0.485159  0.481870  0.475047
7.380000  0.451684  0.449065  0.452795
7.420000  0.420452  0.449200  0.461395
7.460000  0.460467  0.415877  0.442565
7.500000  0.457087  0.420609  0.437480
7.540000  0.435723  0.410981  0.397820
7.580000  0.389509  0.406107  0.393817
7.620000  0.393522  0.382486  0.399363
7.660000  0.355940  0.362917  0.373718
7.700000  0.363777  0.367134  0.352872
7.740000  0.341490  0.347559  0.337210
7.780000  0.323170  0.327150  0.339527
7.820000  0.315682  0.318140  0.309732
7.860000  0.312477  0.319334  0.303844
7.900000  0.299056  0.291183  0.297040
7.940000  0.268952  0.285756  0.286158
7.980000  0.268274  0.286199  0.274479
